image_width: 640
image_height: 480
camera_name: head_camera
camera_matrix:
  rows: 3
  cols: 3
  data: [1535.0, 0.000000, 150.14, 0.000000, 1075.28, 147.85, 0.000000, 0.000000, 1.000000]
distortion_coefficients:
  rows: 1
  cols: 5
  data: [-0.325049412, -0.195682, 0.00596893598, 0.00730237319, -0.666]
rectification_matrix:
  rows: 3
  cols: 3
  data: [1.000000, 0.000000, 0.000000, 0.000000, 1.000000, 0.000000, 0.000000, 0.000000, 1.000000]
projection_matrix:
  rows: 3
  cols: 4
data: [1.0, 0.000000, 0.0, 0.000000, 0.000000, 1.0, 0.0, 0.000000, 0.000000, 0.000000, 1.000000, 0.000000]
