# oST version 5.0 parameters


[image]

width
640

height
480

[narrow_stereo]

camera matrix
563.090229 0.000000 351.914583
0.000000 563.471749 220.228464
0.000000 0.000000 1.000000

distortion
-0.074563 0.177540 -0.000972 0.006599 0.000000

rectification
1.000000 0.000000 0.000000
0.000000 1.000000 0.000000
0.000000 0.000000 1.000000

projection
567.106262 0.000000 353.248130 0.000000
0.000000 566.772705 219.879726 0.000000
0.000000 0.000000 1.000000 0.000000
